The dot product of V1 and V2 is: -1.000000
The solution matrix of (V3)^T by V1:
-0.072309 -0.034840 0.023037 0.067419 0.072309 0.034840 -0.023037 -0.067419 
-0.211617 -0.101963 0.067419 0.197309 0.211617 0.101963 -0.067420 -0.197309 
-0.226963 -0.109357 0.072309 0.211617 0.226963 0.109357 -0.072309 -0.211617 
-0.109357 -0.052691 0.034840 0.101963 0.109357 0.052691 -0.034840 -0.101963 
0.072309 0.034840 -0.023037 -0.067420 -0.072309 -0.034840 0.023037 0.067420 
0.211617 0.101963 -0.067419 -0.197309 -0.211617 -0.101963 0.067420 0.197309 
0.226963 0.109357 -0.072309 -0.211617 -0.226963 -0.109357 0.072309 0.211617 
0.109357 0.052691 -0.034840 -0.101963 -0.109357 -0.052691 0.034840 0.101963 
